--nmax---iout-----nmlmax----nstep---
     4      1    100000       300
--M1/Mearth----R1/AU----e1------
     1.000      1.000      0.017
--M2/Mearth----R2/AU----e2------
     0.017      1.524      0.093
--M3/Mearth----R3/AU----e3------
     0.001 3.9692742531          0
--M4/Mearth----R4/AU----e4------
    317.83      5.203      0.048
--M5/Mearth----R5/AU----e5------
         0          0          0
--M6/Mearth----R6/AU----e6------
         0          0          0
--M7/Mearth----R7/AU----e7------
         0          0          0
--M8/Mearth----R8/AU----e8------
         0          0          0
--M9/Mearth----R9/AU----e9------
         0          0          0
