--nmax---iout-----nmlmax----nstep---
     9      1    100000        20
--M1/Mearth----R1/AU----e1------
     0.055      0.387      0.206
--M2/Mearth----R2/AU----e2------
     0.815      0.723      0.007
--M3/Mearth----R3/AU----e3------
     1.000      1.000      0.017
--M4/Mearth----R4/AU----e4------
     0.107      1.524      0.093
--M5/Mearth----R5/AU----e5------
      4000      5.203      0.048
--M6/Mearth----R6/AU----e6------
     95.16      9.554      0.056
--M7/Mearth----R7/AU----e7------
     14.50      19.22      0.046
--M8/Mearth----R8/AU----e8------
    17.204      30.11      0.009
--M9/Mearth----R9/AU----e9------
     0.002      39.54      0.249
